50;
10;16;1;2;0;
19;20;1;2;3;
10;8;1;2;3;
17;10;1;2;4;
9;13;1;2;3;
9;9;1;2;5;
20;12;1;2;2;
20;11;1;2;3;
5;11;1;2;3;
12;7;1;2;5;
3;20;1;2;5;
1;5;1;2;4;
3;10;1;2;5;
17;14;1;2;1;
20;3;1;2;5;
14;11;1;2;0;
18;10;1;2;3;
16;10;1;2;3;
3;16;1;2;3;
14;5;1;2;0;
19;16;1;2;5;
4;12;1;2;2;
15;10;1;2;2;
6;11;1;2;5;
20;17;1;2;3;
1;14;1;2;1;
14;3;1;2;2;
16;14;1;2;2;
5;2;1;2;4;
8;11;1;2;2;
5;14;1;2;5;
7;3;1;2;3;
11;11;1;2;5;
10;19;1;2;3;
7;14;1;2;2;
14;6;1;2;5;
11;10;1;2;0;
7;18;1;2;3;
19;5;1;2;5;
13;10;1;2;4;
10;3;1;2;2;
20;15;1;2;0;
7;14;1;2;2;
20;20;1;2;5;
20;10;1;2;3;
3;15;1;2;1;
8;3;1;2;2;
1;14;1;2;1;
10;17;1;2;1;
18;6;1;2;2;
MAINTENANCE
1;1;5;14;
2;1;5;37;
3;1;5;62;
4;1;5;76;
5;1;5;86;
6;2;5;106;
7;2;5;118;
8;2;5;126;
9;2;5;145;
10;2;5;169;
