50;
16;1;1;2;4;
17;1;1;2;3;
7;20;1;2;3;
9;20;1;2;3;
20;11;1;2;3;
20;19;1;2;3;
20;4;1;2;5;
10;4;1;2;0;
20;12;1;2;2;
19;18;1;2;1;
4;5;1;2;0;
18;7;1;2;0;
12;2;1;2;0;
6;2;1;2;1;
6;3;1;2;2;
13;13;1;2;4;
15;20;1;2;2;
16;19;1;2;0;
18;13;1;2;1;
16;4;1;2;0;
20;20;1;2;4;
10;15;1;2;5;
13;20;1;2;1;
9;10;1;2;0;
12;15;1;2;3;
15;10;1;2;5;
13;13;1;2;3;
16;7;1;2;0;
18;3;1;2;1;
14;9;1;2;3;
6;9;1;2;0;
6;11;1;2;2;
17;16;1;2;3;
4;16;1;2;1;
14;2;1;2;5;
7;19;1;2;2;
8;7;1;2;0;
2;18;1;2;1;
18;18;1;2;5;
8;1;1;2;5;
14;3;1;2;1;
9;3;1;2;0;
14;7;1;2;2;
1;13;1;2;3;
20;17;1;2;1;
12;12;1;2;1;
14;10;1;2;5;
20;18;1;2;0;
4;6;1;2;3;
11;5;1;2;5;
MAINTENANCE
1;1;5;6;
2;1;5;27;
3;1;5;43;
4;1;5;50;
5;1;5;69;
6;2;5;82;
7;2;5;99;
8;2;5;105;
9;2;5;121;
10;2;5;136;
