50;
2;10;1;2;1;
18;12;1;2;1;
17;11;1;2;0;
7;14;1;2;4;
10;18;1;2;3;
18;8;1;2;2;
15;12;1;2;1;
15;19;1;2;2;
3;7;1;2;4;
1;6;1;2;0;
5;3;1;2;4;
15;18;1;2;2;
18;5;1;2;3;
12;18;1;2;3;
20;19;1;2;4;
18;10;1;2;1;
14;2;1;2;2;
8;19;1;2;3;
8;2;1;2;1;
1;5;1;2;0;
13;12;1;2;2;
4;1;1;2;2;
12;12;1;2;4;
14;8;1;2;1;
20;9;1;2;1;
14;19;1;2;5;
10;14;1;2;3;
2;4;1;2;3;
4;4;1;2;5;
7;2;1;2;4;
18;15;1;2;5;
20;19;1;2;5;
10;13;1;2;1;
5;10;1;2;1;
1;13;1;2;5;
15;6;1;2;4;
12;3;1;2;4;
20;6;1;2;4;
17;12;1;2;4;
14;12;1;2;0;
20;11;1;2;3;
3;1;1;2;5;
16;15;1;2;3;
6;4;1;2;0;
8;4;1;2;1;
5;2;1;2;5;
19;15;1;2;2;
8;6;1;2;2;
3;14;1;2;3;
15;7;1;2;5;
MAINTENANCE
1;1;5;12;
2;1;5;29;
3;1;5;45;
4;1;5;57;
5;1;5;82;
6;2;5;91;
7;2;5;104;
8;2;5;129;
9;2;5;138;
10;2;5;163;
