50;
4;3;1;2;1;
1;6;1;2;0;
5;10;1;2;1;
12;10;1;2;0;
18;17;1;2;2;
17;17;1;2;4;
2;7;1;2;1;
2;19;1;2;3;
14;7;1;2;2;
1;2;1;2;3;
5;4;1;2;3;
9;16;1;2;5;
19;4;1;2;1;
9;17;1;2;0;
17;1;1;2;0;
1;10;1;2;5;
16;8;1;2;2;
10;12;1;2;2;
5;20;1;2;0;
14;20;1;2;1;
18;3;1;2;3;
4;2;1;2;4;
13;2;1;2;2;
5;10;1;2;1;
5;20;1;2;0;
16;16;1;2;1;
5;8;1;2;5;
12;10;1;2;5;
6;14;1;2;1;
6;12;1;2;0;
5;20;1;2;5;
9;16;1;2;3;
4;2;1;2;4;
9;8;1;2;0;
13;15;1;2;5;
1;2;1;2;3;
2;18;1;2;5;
8;7;1;2;1;
7;10;1;2;4;
1;8;1;2;2;
20;3;1;2;4;
12;11;1;2;1;
17;14;1;2;4;
13;20;1;2;2;
3;14;1;2;1;
1;3;1;2;0;
20;20;1;2;0;
4;13;1;2;4;
7;20;1;2;3;
10;15;1;2;5;
MAINTENANCE
1;1;5;14;
2;1;5;24;
3;1;5;33;
4;1;5;54;
5;1;5;62;
6;2;5;74;
7;2;5;95;
8;2;5;118;
9;2;5;131;
10;2;5;147;
