50;
15;20;1;2;5;
12;12;1;2;4;
4;4;1;2;0;
2;11;1;2;3;
7;5;1;2;0;
16;15;1;2;1;
9;16;1;2;3;
10;18;1;2;3;
17;2;1;2;4;
1;5;1;2;3;
17;17;1;2;1;
18;9;1;2;4;
9;18;1;2;4;
19;4;1;2;2;
17;6;1;2;4;
17;3;1;2;5;
18;14;1;2;2;
2;3;1;2;2;
4;13;1;2;1;
17;16;1;2;3;
17;18;1;2;2;
18;15;1;2;1;
4;19;1;2;5;
6;1;1;2;0;
18;2;1;2;3;
20;12;1;2;5;
16;20;1;2;4;
7;10;1;2;5;
14;7;1;2;4;
15;11;1;2;0;
17;19;1;2;1;
11;10;1;2;0;
8;15;1;2;2;
10;13;1;2;0;
11;1;1;2;1;
12;2;1;2;2;
19;10;1;2;0;
17;15;1;2;5;
5;8;1;2;3;
17;4;1;2;4;
8;7;1;2;0;
11;4;1;2;3;
8;18;1;2;3;
9;14;1;2;4;
4;7;1;2;5;
3;15;1;2;4;
16;14;1;2;4;
3;10;1;2;0;
8;5;1;2;5;
3;14;1;2;5;
MAINTENANCE
1;1;5;8;
2;1;5;27;
3;1;5;37;
4;1;5;61;
5;1;5;86;
6;2;5;110;
7;2;5;131;
8;2;5;146;
9;2;5;169;
10;2;5;187;
