50;
8;2;1;2;4;
12;1;1;2;0;
3;5;1;2;4;
5;13;1;2;5;
9;13;1;2;1;
14;8;1;2;3;
1;17;1;2;1;
9;12;1;2;2;
1;1;1;2;0;
11;19;1;2;5;
1;18;1;2;4;
14;14;1;2;2;
9;12;1;2;2;
18;20;1;2;2;
4;9;1;2;0;
15;11;1;2;3;
15;7;1;2;1;
19;13;1;2;5;
2;17;1;2;2;
8;4;1;2;2;
3;6;1;2;0;
18;9;1;2;5;
7;17;1;2;0;
4;18;1;2;2;
17;4;1;2;5;
11;16;1;2;3;
5;20;1;2;5;
11;17;1;2;0;
15;7;1;2;0;
7;3;1;2;4;
14;1;1;2;1;
2;10;1;2;0;
7;12;1;2;3;
2;18;1;2;4;
7;7;1;2;1;
8;11;1;2;1;
19;2;1;2;2;
13;16;1;2;0;
14;10;1;2;5;
14;15;1;2;3;
19;17;1;2;1;
15;3;1;2;3;
8;7;1;2;3;
14;18;1;2;4;
19;5;1;2;0;
11;5;1;2;5;
14;5;1;2;1;
15;18;1;2;1;
2;1;1;2;1;
12;2;1;2;4;
MAINTENANCE
1;1;5;21;
2;1;5;42;
3;1;5;66;
4;1;5;75;
5;1;5;94;
6;2;5;112;
7;2;5;119;
8;2;5;130;
9;2;5;142;
10;2;5;167;
