50;
5;4;1;2;2;
4;9;1;2;2;
16;19;1;2;0;
5;17;1;2;1;
5;6;1;2;2;
12;5;1;2;2;
20;9;1;2;4;
19;12;1;2;2;
17;2;1;2;1;
14;1;1;2;3;
5;5;1;2;0;
7;4;1;2;2;
9;17;1;2;5;
17;6;1;2;4;
12;7;1;2;2;
10;19;1;2;1;
14;18;1;2;4;
13;10;1;2;4;
7;6;1;2;4;
8;18;1;2;4;
10;10;1;2;2;
13;9;1;2;2;
1;9;1;2;2;
8;8;1;2;1;
3;15;1;2;0;
17;16;1;2;1;
3;6;1;2;5;
15;1;1;2;1;
11;3;1;2;1;
15;3;1;2;3;
10;1;1;2;5;
6;7;1;2;1;
12;9;1;2;1;
1;6;1;2;2;
18;4;1;2;4;
8;8;1;2;4;
19;4;1;2;2;
1;14;1;2;5;
5;6;1;2;3;
7;8;1;2;0;
3;16;1;2;3;
16;13;1;2;1;
11;9;1;2;4;
9;9;1;2;1;
15;18;1;2;2;
4;6;1;2;4;
5;7;1;2;0;
19;5;1;2;0;
4;8;1;2;4;
12;18;1;2;2;
MAINTENANCE
1;1;5;15;
2;1;5;25;
3;1;5;31;
4;1;5;53;
5;1;5;60;
6;2;5;75;
7;2;5;84;
8;2;5;90;
9;2;5;103;
10;2;5;112;
