50;
18;8;1;2;0;
6;3;1;2;3;
9;7;1;2;0;
5;11;1;2;0;
10;10;1;2;5;
9;14;1;2;1;
13;7;1;2;5;
16;13;1;2;2;
5;19;1;2;0;
10;19;1;2;2;
20;19;1;2;4;
12;20;1;2;4;
13;8;1;2;3;
6;3;1;2;0;
5;15;1;2;2;
17;10;1;2;1;
3;8;1;2;2;
4;19;1;2;1;
8;3;1;2;1;
11;8;1;2;1;
3;7;1;2;1;
14;6;1;2;4;
7;2;1;2;3;
19;11;1;2;4;
7;15;1;2;2;
19;13;1;2;3;
2;5;1;2;1;
16;12;1;2;1;
12;13;1;2;1;
18;15;1;2;4;
2;19;1;2;3;
6;18;1;2;4;
12;14;1;2;1;
1;14;1;2;1;
17;3;1;2;0;
7;18;1;2;2;
17;2;1;2;1;
10;20;1;2;1;
16;10;1;2;2;
1;16;1;2;5;
17;9;1;2;4;
8;6;1;2;4;
10;2;1;2;1;
19;5;1;2;1;
7;2;1;2;5;
14;1;1;2;3;
11;4;1;2;0;
4;12;1;2;4;
5;1;1;2;4;
20;13;1;2;4;
MAINTENANCE
1;1;5;11;
2;1;5;25;
3;1;5;50;
4;1;5;67;
5;1;5;85;
6;2;5;96;
7;2;5;116;
8;2;5;136;
9;2;5;153;
10;2;5;161;
