50;
3;11;1;2;1;
17;11;1;2;4;
20;13;1;2;2;
1;8;1;2;1;
9;10;1;2;1;
1;11;1;2;2;
7;5;1;2;5;
13;5;1;2;5;
20;2;1;2;1;
6;8;1;2;3;
19;8;1;2;2;
3;4;1;2;3;
20;19;1;2;2;
2;13;1;2;0;
11;13;1;2;5;
7;13;1;2;1;
8;11;1;2;3;
14;7;1;2;3;
9;18;1;2;0;
11;12;1;2;5;
15;5;1;2;3;
10;12;1;2;1;
16;5;1;2;2;
7;5;1;2;4;
3;13;1;2;1;
2;4;1;2;2;
6;7;1;2;0;
11;13;1;2;2;
7;7;1;2;0;
18;17;1;2;0;
18;2;1;2;4;
18;7;1;2;2;
18;18;1;2;2;
20;12;1;2;2;
12;2;1;2;3;
20;4;1;2;2;
19;20;1;2;2;
5;10;1;2;0;
9;19;1;2;3;
15;1;1;2;1;
4;15;1;2;4;
10;3;1;2;0;
9;17;1;2;0;
2;2;1;2;1;
6;6;1;2;1;
20;3;1;2;0;
2;20;1;2;3;
14;7;1;2;4;
15;9;1;2;1;
2;18;1;2;4;
MAINTENANCE
1;1;5;10;
2;1;5;24;
3;1;5;43;
4;1;5;59;
5;1;5;69;
6;2;5;80;
7;2;5;102;
8;2;5;125;
9;2;5;138;
10;2;5;153;
