50;
6;18;1;2;1;
14;16;1;2;0;
3;18;1;2;5;
11;12;1;2;5;
15;15;1;2;0;
5;17;1;2;3;
11;4;1;2;4;
18;14;1;2;5;
10;7;1;2;5;
14;2;1;2;3;
9;15;1;2;5;
6;17;1;2;4;
3;8;1;2;3;
19;15;1;2;4;
9;2;1;2;2;
6;9;1;2;5;
3;7;1;2;1;
4;6;1;2;2;
16;13;1;2;5;
7;5;1;2;5;
17;14;1;2;2;
9;20;1;2;5;
15;9;1;2;0;
15;9;1;2;1;
13;17;1;2;0;
16;14;1;2;5;
6;6;1;2;1;
2;9;1;2;5;
5;13;1;2;5;
2;20;1;2;3;
9;1;1;2;2;
14;1;1;2;5;
15;18;1;2;0;
11;6;1;2;3;
5;14;1;2;0;
14;18;1;2;0;
18;5;1;2;0;
8;10;1;2;2;
14;3;1;2;3;
14;10;1;2;5;
8;14;1;2;5;
14;2;1;2;1;
20;19;1;2;4;
7;11;1;2;3;
16;3;1;2;3;
16;11;1;2;3;
5;8;1;2;3;
17;15;1;2;3;
4;12;1;2;2;
6;1;1;2;3;
MAINTENANCE
1;1;5;14;
2;1;5;23;
3;1;5;32;
4;1;5;50;
5;1;5;60;
6;2;5;78;
7;2;5;93;
8;2;5;114;
9;2;5;130;
10;2;5;142;
