50;
8;13;1;2;5;
19;8;1;2;4;
13;17;1;2;0;
3;15;1;2;0;
8;19;1;2;5;
7;20;1;2;5;
7;7;1;2;3;
12;1;1;2;3;
17;4;1;2;5;
19;11;1;2;3;
14;13;1;2;4;
17;18;1;2;2;
5;5;1;2;3;
2;19;1;2;4;
17;7;1;2;2;
8;19;1;2;5;
11;12;1;2;3;
12;17;1;2;1;
12;2;1;2;4;
15;15;1;2;2;
15;11;1;2;1;
2;20;1;2;3;
7;11;1;2;3;
19;17;1;2;2;
16;7;1;2;4;
8;5;1;2;3;
6;19;1;2;2;
14;3;1;2;1;
6;6;1;2;4;
9;17;1;2;0;
13;19;1;2;3;
7;2;1;2;3;
13;16;1;2;4;
1;1;1;2;0;
14;4;1;2;3;
1;16;1;2;2;
10;8;1;2;4;
7;12;1;2;0;
2;3;1;2;4;
19;17;1;2;4;
18;18;1;2;2;
20;6;1;2;1;
1;16;1;2;3;
15;6;1;2;4;
20;12;1;2;0;
2;7;1;2;4;
17;3;1;2;2;
13;17;1;2;2;
2;14;1;2;3;
14;10;1;2;0;
MAINTENANCE
1;1;5;24;
2;1;5;35;
3;1;5;53;
4;1;5;67;
5;1;5;85;
6;2;5;103;
7;2;5;122;
8;2;5;140;
9;2;5;161;
10;2;5;182;
