50;
14;11;1;2;0;
20;18;1;2;2;
1;17;1;2;0;
17;17;1;2;0;
11;6;1;2;2;
1;17;1;2;0;
1;18;1;2;3;
11;18;1;2;0;
3;15;1;2;3;
19;6;1;2;3;
3;10;1;2;4;
5;20;1;2;3;
13;1;1;2;3;
17;8;1;2;1;
8;2;1;2;3;
2;2;1;2;1;
13;15;1;2;0;
14;14;1;2;0;
11;19;1;2;0;
10;11;1;2;3;
18;1;1;2;1;
13;7;1;2;1;
17;13;1;2;1;
10;4;1;2;4;
16;18;1;2;2;
2;7;1;2;2;
16;16;1;2;2;
2;10;1;2;0;
10;14;1;2;0;
8;20;1;2;3;
3;16;1;2;1;
16;12;1;2;1;
11;8;1;2;4;
20;6;1;2;5;
19;16;1;2;5;
6;6;1;2;0;
11;7;1;2;4;
1;15;1;2;0;
17;1;1;2;1;
14;6;1;2;2;
1;9;1;2;5;
13;16;1;2;1;
4;8;1;2;2;
18;13;1;2;5;
11;9;1;2;4;
11;16;1;2;5;
13;12;1;2;3;
4;18;1;2;1;
6;10;1;2;0;
13;10;1;2;0;
MAINTENANCE
1;1;5;8;
2;1;5;26;
3;1;5;49;
4;1;5;56;
5;1;5;76;
6;2;5;82;
7;2;5;98;
8;2;5;110;
9;2;5;135;
10;2;5;157;
