50;
8;11;1;2;2;
2;13;1;2;0;
1;5;1;2;2;
1;2;1;2;5;
1;12;1;2;5;
6;15;1;2;3;
1;5;1;2;5;
16;7;1;2;4;
14;13;1;2;2;
19;18;1;2;0;
2;2;1;2;3;
15;9;1;2;5;
5;18;1;2;4;
7;3;1;2;4;
6;2;1;2;0;
2;6;1;2;5;
20;18;1;2;3;
7;8;1;2;3;
5;9;1;2;4;
12;9;1;2;1;
18;15;1;2;0;
19;4;1;2;4;
3;19;1;2;1;
12;7;1;2;2;
9;17;1;2;1;
14;2;1;2;2;
14;15;1;2;0;
20;19;1;2;2;
17;18;1;2;4;
14;15;1;2;4;
16;19;1;2;1;
13;4;1;2;5;
12;10;1;2;3;
13;13;1;2;0;
16;4;1;2;2;
15;1;1;2;1;
3;4;1;2;1;
13;19;1;2;0;
5;13;1;2;5;
12;12;1;2;5;
1;19;1;2;5;
8;11;1;2;5;
11;9;1;2;5;
12;6;1;2;5;
6;14;1;2;1;
15;16;1;2;3;
14;13;1;2;1;
7;10;1;2;4;
9;16;1;2;4;
9;12;1;2;1;
MAINTENANCE
1;1;5;20;
2;1;5;28;
3;1;5;39;
4;1;5;63;
5;1;5;71;
6;2;5;92;
7;2;5;102;
8;2;5;124;
9;2;5;135;
10;2;5;158;
