50;
1;4;1;2;4;
7;15;1;2;4;
12;4;1;2;2;
15;4;1;2;4;
2;19;1;2;0;
7;6;1;2;4;
13;10;1;2;0;
1;18;1;2;2;
9;15;1;2;1;
11;6;1;2;1;
17;19;1;2;0;
10;15;1;2;2;
3;20;1;2;1;
5;4;1;2;2;
10;8;1;2;2;
12;3;1;2;5;
4;12;1;2;2;
1;20;1;2;4;
1;5;1;2;2;
10;5;1;2;1;
15;19;1;2;3;
20;15;1;2;4;
11;6;1;2;2;
9;15;1;2;5;
3;7;1;2;4;
8;3;1;2;2;
14;15;1;2;4;
9;19;1;2;3;
7;16;1;2;3;
13;6;1;2;1;
3;9;1;2;0;
9;5;1;2;0;
5;18;1;2;5;
18;7;1;2;5;
11;10;1;2;5;
8;17;1;2;3;
8;18;1;2;1;
20;5;1;2;1;
4;6;1;2;5;
10;7;1;2;5;
11;19;1;2;3;
10;5;1;2;1;
14;11;1;2;3;
11;20;1;2;5;
8;11;1;2;3;
7;10;1;2;3;
10;13;1;2;3;
7;19;1;2;1;
17;13;1;2;5;
8;10;1;2;4;
MAINTENANCE
1;1;5;10;
2;1;5;18;
3;1;5;31;
4;1;5;46;
5;1;5;63;
6;2;5;88;
7;2;5;98;
8;2;5;111;
9;2;5;132;
10;2;5;154;
