50;
15;16;1;2;4;
3;20;1;2;5;
20;13;1;2;0;
11;18;1;2;0;
12;16;1;2;1;
15;18;1;2;5;
15;11;1;2;4;
14;18;1;2;1;
14;7;1;2;0;
10;20;1;2;0;
12;8;1;2;1;
5;3;1;2;0;
16;4;1;2;5;
9;11;1;2;3;
13;18;1;2;3;
20;18;1;2;5;
5;15;1;2;3;
17;6;1;2;5;
9;5;1;2;0;
1;12;1;2;5;
6;2;1;2;3;
3;20;1;2;0;
5;2;1;2;4;
20;20;1;2;3;
13;15;1;2;1;
10;14;1;2;0;
3;11;1;2;5;
13;1;1;2;3;
20;4;1;2;1;
11;17;1;2;2;
15;7;1;2;3;
6;20;1;2;1;
3;18;1;2;0;
19;2;1;2;1;
2;11;1;2;4;
15;1;1;2;4;
19;4;1;2;4;
1;11;1;2;3;
11;14;1;2;2;
11;3;1;2;5;
12;5;1;2;3;
18;13;1;2;3;
13;5;1;2;4;
15;16;1;2;5;
16;7;1;2;0;
2;15;1;2;0;
18;18;1;2;1;
12;10;1;2;3;
13;1;1;2;5;
7;6;1;2;0;
MAINTENANCE
1;1;5;5;
2;1;5;24;
3;1;5;38;
4;1;5;63;
5;1;5;75;
6;2;5;83;
7;2;5;91;
8;2;5;113;
9;2;5;131;
10;2;5;152;
