50;
14;17;1;2;3;
20;20;1;2;4;
13;14;1;2;4;
15;17;1;2;5;
20;6;1;2;5;
1;7;1;2;1;
7;3;1;2;4;
11;13;1;2;2;
20;14;1;2;1;
20;7;1;2;1;
4;14;1;2;3;
4;10;1;2;1;
19;14;1;2;2;
15;13;1;2;1;
20;19;1;2;3;
5;17;1;2;2;
15;10;1;2;3;
5;19;1;2;1;
4;12;1;2;3;
3;14;1;2;1;
1;1;1;2;2;
3;15;1;2;2;
10;1;1;2;5;
8;20;1;2;5;
2;12;1;2;3;
20;11;1;2;2;
9;17;1;2;5;
5;20;1;2;2;
2;18;1;2;3;
11;1;1;2;1;
11;15;1;2;1;
14;15;1;2;3;
11;7;1;2;5;
19;6;1;2;5;
2;15;1;2;5;
15;1;1;2;2;
3;1;1;2;4;
16;1;1;2;1;
9;15;1;2;0;
4;19;1;2;3;
20;14;1;2;0;
5;2;1;2;4;
8;16;1;2;4;
8;4;1;2;2;
3;6;1;2;1;
11;7;1;2;3;
17;10;1;2;4;
18;10;1;2;1;
4;20;1;2;0;
7;5;1;2;0;
MAINTENANCE
1;1;5;23;
2;1;5;39;
3;1;5;57;
4;1;5;78;
5;1;5;95;
6;2;5;111;
7;2;5;117;
8;2;5;129;
9;2;5;152;
10;2;5;158;
