50;
3;17;1;2;4;
6;20;1;2;1;
18;13;1;2;2;
8;18;1;2;5;
2;19;1;2;2;
10;4;1;2;4;
14;8;1;2;4;
10;1;1;2;1;
11;1;1;2;2;
13;5;1;2;5;
3;7;1;2;1;
9;12;1;2;3;
5;12;1;2;0;
4;8;1;2;1;
14;10;1;2;0;
9;18;1;2;2;
6;17;1;2;4;
2;12;1;2;0;
9;15;1;2;1;
13;14;1;2;5;
7;5;1;2;3;
17;5;1;2;4;
16;12;1;2;1;
5;19;1;2;2;
18;10;1;2;0;
2;16;1;2;5;
4;19;1;2;2;
19;10;1;2;0;
13;11;1;2;1;
7;1;1;2;4;
6;8;1;2;4;
14;1;1;2;0;
14;5;1;2;4;
16;1;1;2;4;
17;7;1;2;0;
1;12;1;2;5;
19;14;1;2;1;
3;5;1;2;0;
8;19;1;2;1;
8;3;1;2;1;
3;1;1;2;3;
8;18;1;2;0;
2;11;1;2;3;
7;14;1;2;4;
12;14;1;2;1;
11;20;1;2;0;
19;3;1;2;2;
12;9;1;2;1;
6;16;1;2;0;
3;17;1;2;0;
MAINTENANCE
1;1;5;18;
2;1;5;41;
3;1;5;65;
4;1;5;76;
5;1;5;94;
6;2;5;104;
7;2;5;113;
8;2;5;134;
9;2;5;155;
10;2;5;168;
