50;
5;15;1;2;5;
17;6;1;2;0;
7;19;1;2;0;
12;9;1;2;1;
13;2;1;2;2;
11;2;1;2;4;
8;16;1;2;4;
5;17;1;2;1;
1;10;1;2;4;
4;9;1;2;0;
4;12;1;2;0;
16;2;1;2;3;
6;9;1;2;0;
17;16;1;2;4;
9;16;1;2;4;
18;13;1;2;5;
2;1;1;2;0;
15;7;1;2;4;
8;2;1;2;5;
15;1;1;2;3;
10;1;1;2;3;
15;14;1;2;4;
5;17;1;2;0;
18;2;1;2;0;
2;7;1;2;5;
3;13;1;2;0;
11;6;1;2;4;
4;12;1;2;0;
5;14;1;2;3;
4;4;1;2;2;
6;12;1;2;3;
10;17;1;2;4;
20;7;1;2;3;
6;16;1;2;5;
15;3;1;2;2;
14;3;1;2;0;
5;14;1;2;1;
18;4;1;2;2;
17;4;1;2;4;
9;11;1;2;3;
11;19;1;2;1;
7;9;1;2;1;
18;16;1;2;1;
13;9;1;2;4;
3;14;1;2;0;
11;13;1;2;3;
20;14;1;2;5;
18;10;1;2;3;
11;19;1;2;3;
14;9;1;2;1;
MAINTENANCE
1;1;5;8;
2;1;5;20;
3;1;5;44;
4;1;5;60;
5;1;5;72;
6;2;5;89;
7;2;5;100;
8;2;5;115;
9;2;5;136;
10;2;5;152;
