50;
6;17;1;2;2;
10;15;1;2;4;
10;13;1;2;1;
12;2;1;2;3;
13;8;1;2;0;
9;7;1;2;5;
11;20;1;2;2;
11;15;1;2;5;
17;16;1;2;1;
11;8;1;2;1;
3;14;1;2;2;
1;3;1;2;2;
20;3;1;2;0;
17;12;1;2;4;
19;15;1;2;4;
2;3;1;2;3;
2;19;1;2;1;
2;14;1;2;1;
8;3;1;2;3;
13;3;1;2;2;
20;18;1;2;4;
15;20;1;2;2;
20;19;1;2;5;
10;10;1;2;5;
9;11;1;2;2;
18;12;1;2;3;
14;12;1;2;0;
19;7;1;2;3;
13;11;1;2;1;
11;17;1;2;4;
3;12;1;2;3;
4;11;1;2;0;
20;10;1;2;3;
11;8;1;2;3;
7;3;1;2;2;
13;7;1;2;5;
2;11;1;2;2;
18;12;1;2;2;
11;16;1;2;1;
14;15;1;2;1;
13;2;1;2;5;
7;11;1;2;5;
6;16;1;2;3;
4;19;1;2;5;
15;13;1;2;3;
1;15;1;2;3;
20;11;1;2;0;
9;14;1;2;0;
8;17;1;2;5;
17;12;1;2;4;
MAINTENANCE
1;1;5;21;
2;1;5;43;
3;1;5;58;
4;1;5;78;
5;1;5;103;
6;2;5;115;
7;2;5;138;
8;2;5;161;
9;2;5;184;
10;2;5;203;
