50;
6;13;1;2;5;
17;4;1;2;5;
18;2;1;2;1;
15;6;1;2;4;
8;8;1;2;5;
4;12;1;2;0;
17;10;1;2;4;
20;9;1;2;5;
5;14;1;2;2;
7;9;1;2;0;
17;15;1;2;4;
4;11;1;2;1;
5;12;1;2;2;
19;14;1;2;3;
16;15;1;2;2;
15;7;1;2;4;
5;12;1;2;1;
7;11;1;2;4;
11;16;1;2;1;
15;18;1;2;5;
19;11;1;2;1;
14;11;1;2;2;
1;12;1;2;0;
19;8;1;2;0;
4;1;1;2;4;
14;7;1;2;1;
6;12;1;2;5;
5;18;1;2;2;
17;16;1;2;4;
10;19;1;2;0;
10;3;1;2;2;
20;9;1;2;1;
4;16;1;2;4;
14;16;1;2;2;
11;20;1;2;1;
5;10;1;2;4;
4;6;1;2;0;
13;14;1;2;3;
11;16;1;2;1;
3;14;1;2;2;
2;14;1;2;5;
4;7;1;2;0;
5;10;1;2;0;
13;8;1;2;1;
2;10;1;2;1;
13;12;1;2;0;
1;3;1;2;5;
19;1;1;2;1;
13;20;1;2;3;
14;7;1;2;3;
MAINTENANCE
1;1;5;23;
2;1;5;30;
3;1;5;40;
4;1;5;60;
5;1;5;84;
6;2;5;93;
7;2;5;106;
8;2;5;122;
9;2;5;134;
10;2;5;158;
