50;
12;10;1;2;5;
12;12;1;2;2;
1;13;1;2;0;
5;15;1;2;0;
1;7;1;2;0;
16;9;1;2;2;
10;2;1;2;2;
9;4;1;2;5;
7;6;1;2;1;
14;16;1;2;1;
12;14;1;2;2;
8;18;1;2;3;
11;19;1;2;1;
14;5;1;2;2;
20;13;1;2;3;
7;12;1;2;4;
3;9;1;2;1;
1;17;1;2;2;
13;19;1;2;0;
19;9;1;2;4;
13;10;1;2;2;
5;8;1;2;3;
10;20;1;2;1;
17;20;1;2;1;
5;12;1;2;0;
20;4;1;2;1;
13;1;1;2;2;
10;12;1;2;4;
9;14;1;2;1;
7;3;1;2;0;
8;10;1;2;1;
12;1;1;2;1;
2;16;1;2;3;
17;7;1;2;2;
15;4;1;2;2;
8;12;1;2;3;
14;8;1;2;0;
20;13;1;2;0;
19;1;1;2;3;
10;9;1;2;4;
1;6;1;2;2;
20;19;1;2;0;
18;3;1;2;3;
3;1;1;2;2;
9;7;1;2;4;
18;13;1;2;2;
15;18;1;2;2;
17;8;1;2;3;
10;4;1;2;5;
14;14;1;2;4;
MAINTENANCE
1;1;5;12;
2;1;5;25;
3;1;5;31;
4;1;5;40;
5;1;5;61;
6;2;5;78;
7;2;5;92;
8;2;5;105;
9;2;5;116;
10;2;5;122;
