50;
20;14;1;2;4;
4;10;1;2;0;
9;17;1;2;3;
19;19;1;2;4;
1;3;1;2;2;
8;17;1;2;5;
14;3;1;2;0;
17;19;1;2;1;
7;12;1;2;3;
16;3;1;2;4;
6;4;1;2;3;
6;20;1;2;3;
16;18;1;2;5;
19;15;1;2;1;
10;3;1;2;1;
9;9;1;2;5;
11;1;1;2;3;
16;18;1;2;1;
5;19;1;2;2;
7;20;1;2;5;
14;12;1;2;3;
7;7;1;2;2;
19;3;1;2;5;
20;6;1;2;1;
1;19;1;2;5;
8;5;1;2;5;
12;14;1;2;0;
9;12;1;2;2;
15;9;1;2;2;
16;16;1;2;3;
4;6;1;2;0;
2;18;1;2;5;
5;5;1;2;5;
9;3;1;2;5;
2;6;1;2;2;
3;18;1;2;3;
4;10;1;2;2;
13;5;1;2;0;
14;1;1;2;3;
15;15;1;2;0;
10;10;1;2;4;
9;13;1;2;5;
20;16;1;2;0;
11;19;1;2;0;
5;8;1;2;2;
3;7;1;2;0;
14;2;1;2;2;
1;2;1;2;1;
20;16;1;2;1;
10;16;1;2;2;
MAINTENANCE
1;1;5;16;
2;1;5;29;
3;1;5;43;
4;1;5;58;
5;1;5;83;
6;2;5;91;
7;2;5;98;
8;2;5;111;
9;2;5;118;
10;2;5;124;
