50;
20;11;1;2;0;
2;9;1;2;4;
7;2;1;2;0;
9;14;1;2;2;
13;19;1;2;5;
13;18;1;2;0;
12;5;1;2;2;
1;9;1;2;5;
7;12;1;2;0;
13;20;1;2;2;
15;18;1;2;1;
8;16;1;2;1;
19;4;1;2;2;
1;11;1;2;5;
20;12;1;2;0;
16;20;1;2;5;
20;4;1;2;0;
18;12;1;2;4;
13;14;1;2;0;
14;8;1;2;4;
6;19;1;2;3;
9;1;1;2;2;
17;11;1;2;2;
4;20;1;2;0;
20;17;1;2;1;
5;7;1;2;4;
12;12;1;2;2;
6;16;1;2;1;
6;14;1;2;5;
5;1;1;2;2;
2;2;1;2;1;
10;13;1;2;4;
9;6;1;2;0;
1;20;1;2;0;
19;17;1;2;3;
5;7;1;2;2;
11;16;1;2;3;
12;3;1;2;1;
15;8;1;2;4;
4;9;1;2;2;
7;2;1;2;3;
13;8;1;2;2;
6;14;1;2;1;
15;5;1;2;4;
1;2;1;2;1;
14;6;1;2;1;
13;9;1;2;5;
1;3;1;2;4;
20;1;1;2;1;
8;5;1;2;4;
MAINTENANCE
1;1;5;21;
2;1;5;27;
3;1;5;43;
4;1;5;65;
5;1;5;89;
6;2;5;106;
7;2;5;126;
8;2;5;134;
9;2;5;141;
10;2;5;151;
