50;
13;6;1;2;4;
3;14;1;2;2;
5;9;1;2;0;
5;19;1;2;1;
9;5;1;2;0;
18;2;1;2;4;
9;10;1;2;4;
12;11;1;2;1;
18;13;1;2;5;
19;19;1;2;4;
14;8;1;2;2;
8;13;1;2;5;
19;13;1;2;4;
18;16;1;2;3;
13;17;1;2;1;
2;8;1;2;0;
2;20;1;2;3;
7;4;1;2;2;
12;4;1;2;5;
20;6;1;2;5;
5;17;1;2;0;
18;6;1;2;5;
13;9;1;2;5;
11;10;1;2;1;
4;2;1;2;1;
16;15;1;2;1;
1;12;1;2;5;
19;11;1;2;3;
4;10;1;2;3;
2;9;1;2;0;
1;15;1;2;3;
2;19;1;2;0;
20;1;1;2;0;
10;4;1;2;5;
11;16;1;2;1;
19;16;1;2;2;
9;10;1;2;0;
12;16;1;2;0;
20;13;1;2;5;
17;9;1;2;0;
14;17;1;2;4;
19;19;1;2;1;
9;8;1;2;0;
11;1;1;2;1;
4;10;1;2;1;
9;19;1;2;0;
8;2;1;2;2;
4;16;1;2;3;
19;10;1;2;2;
19;14;1;2;3;
MAINTENANCE
1;1;5;21;
2;1;5;32;
3;1;5;38;
4;1;5;45;
5;1;5;61;
6;2;5;80;
7;2;5;99;
8;2;5;109;
9;2;5;125;
10;2;5;147;
