50;
5;20;1;2;2;
9;17;1;2;0;
12;7;1;2;3;
13;20;1;2;1;
17;12;1;2;3;
4;20;1;2;4;
14;20;1;2;1;
12;15;1;2;4;
13;4;1;2;0;
10;13;1;2;5;
19;6;1;2;5;
11;11;1;2;5;
2;11;1;2;2;
17;12;1;2;3;
10;19;1;2;0;
16;5;1;2;1;
16;3;1;2;0;
6;7;1;2;3;
17;10;1;2;0;
14;2;1;2;5;
17;10;1;2;1;
7;4;1;2;0;
20;9;1;2;0;
19;6;1;2;3;
2;3;1;2;2;
10;20;1;2;1;
7;16;1;2;1;
7;19;1;2;2;
12;7;1;2;4;
20;8;1;2;3;
11;18;1;2;4;
1;3;1;2;4;
1;9;1;2;2;
17;9;1;2;4;
7;3;1;2;5;
8;9;1;2;0;
9;9;1;2;1;
2;12;1;2;4;
20;10;1;2;3;
12;2;1;2;0;
19;13;1;2;4;
9;6;1;2;4;
1;8;1;2;4;
13;4;1;2;5;
19;12;1;2;4;
10;20;1;2;5;
19;17;1;2;1;
3;4;1;2;3;
15;17;1;2;5;
14;18;1;2;5;
MAINTENANCE
1;1;5;5;
2;1;5;11;
3;1;5;22;
4;1;5;45;
5;1;5;67;
6;2;5;83;
7;2;5;105;
8;2;5;116;
9;2;5;130;
10;2;5;151;
