50;
1;19;1;2;2;
2;12;1;2;2;
19;3;1;2;2;
16;6;1;2;0;
3;18;1;2;4;
3;7;1;2;1;
7;11;1;2;3;
8;12;1;2;5;
6;2;1;2;5;
13;16;1;2;2;
19;6;1;2;1;
11;7;1;2;2;
13;11;1;2;1;
19;3;1;2;4;
5;8;1;2;1;
9;14;1;2;2;
6;1;1;2;3;
14;15;1;2;0;
12;10;1;2;2;
9;12;1;2;0;
8;10;1;2;2;
18;16;1;2;2;
14;5;1;2;4;
16;2;1;2;0;
13;8;1;2;2;
4;18;1;2;1;
4;16;1;2;2;
6;17;1;2;5;
7;15;1;2;2;
11;4;1;2;2;
15;14;1;2;0;
20;13;1;2;2;
14;3;1;2;0;
12;3;1;2;1;
6;20;1;2;1;
6;19;1;2;3;
18;3;1;2;4;
1;14;1;2;5;
8;2;1;2;3;
17;19;1;2;1;
13;2;1;2;2;
19;2;1;2;2;
4;7;1;2;5;
4;17;1;2;1;
8;13;1;2;4;
8;18;1;2;2;
15;11;1;2;1;
2;9;1;2;4;
17;9;1;2;2;
10;10;1;2;3;
MAINTENANCE
1;1;5;13;
2;1;5;21;
3;1;5;36;
4;1;5;49;
5;1;5;70;
6;2;5;89;
7;2;5;102;
8;2;5;112;
9;2;5;136;
10;2;5;142;
