50;
14;11;1;2;1;
5;2;1;2;1;
4;3;1;2;5;
20;10;1;2;4;
10;2;1;2;4;
13;7;1;2;1;
14;4;1;2;1;
1;8;1;2;0;
1;11;1;2;0;
20;4;1;2;3;
18;18;1;2;1;
12;17;1;2;3;
11;13;1;2;4;
19;7;1;2;1;
6;11;1;2;3;
16;7;1;2;4;
7;7;1;2;2;
3;6;1;2;1;
5;9;1;2;3;
15;13;1;2;0;
2;15;1;2;1;
4;4;1;2;1;
1;17;1;2;4;
1;7;1;2;1;
5;3;1;2;5;
17;13;1;2;4;
6;2;1;2;2;
20;12;1;2;2;
6;9;1;2;2;
2;19;1;2;0;
14;17;1;2;5;
16;2;1;2;5;
8;10;1;2;3;
11;2;1;2;1;
2;11;1;2;4;
1;1;1;2;5;
8;13;1;2;0;
9;14;1;2;2;
10;5;1;2;1;
17;8;1;2;1;
3;1;1;2;4;
3;15;1;2;1;
12;1;1;2;4;
10;19;1;2;4;
8;17;1;2;1;
11;18;1;2;4;
1;10;1;2;4;
16;12;1;2;0;
20;15;1;2;4;
5;13;1;2;1;
MAINTENANCE
1;1;5;22;
2;1;5;39;
3;1;5;58;
4;1;5;73;
5;1;5;81;
6;2;5;98;
7;2;5;112;
8;2;5;133;
9;2;5;148;
10;2;5;157;
