50;
19;12;1;2;3;
11;8;1;2;1;
4;15;1;2;0;
14;18;1;2;5;
20;1;1;2;2;
11;16;1;2;3;
9;7;1;2;2;
7;5;1;2;1;
9;9;1;2;5;
9;6;1;2;4;
11;11;1;2;4;
18;14;1;2;0;
19;6;1;2;4;
15;3;1;2;1;
15;19;1;2;1;
13;8;1;2;3;
15;8;1;2;3;
19;16;1;2;0;
20;8;1;2;5;
20;5;1;2;2;
18;17;1;2;1;
7;8;1;2;2;
11;10;1;2;2;
17;12;1;2;4;
12;5;1;2;3;
20;16;1;2;0;
12;9;1;2;5;
20;4;1;2;1;
17;8;1;2;4;
6;1;1;2;3;
12;5;1;2;1;
12;14;1;2;1;
12;16;1;2;1;
16;7;1;2;0;
20;3;1;2;4;
7;8;1;2;3;
12;17;1;2;3;
16;18;1;2;1;
1;10;1;2;0;
19;2;1;2;3;
11;14;1;2;3;
6;1;1;2;5;
4;3;1;2;0;
17;14;1;2;2;
9;6;1;2;5;
16;12;1;2;0;
16;7;1;2;4;
13;15;1;2;0;
18;4;1;2;5;
13;15;1;2;5;
MAINTENANCE
1;1;5;18;
2;1;5;33;
3;1;5;50;
4;1;5;61;
5;1;5;73;
6;2;5;89;
7;2;5;97;
8;2;5;117;
9;2;5;132;
10;2;5;148;
