50;
16;19;1;2;0;
1;1;1;2;1;
4;14;1;2;1;
2;14;1;2;4;
3;14;1;2;0;
2;10;1;2;0;
18;16;1;2;2;
1;15;1;2;1;
20;14;1;2;3;
10;11;1;2;3;
15;1;1;2;1;
15;10;1;2;1;
17;17;1;2;0;
1;12;1;2;2;
18;3;1;2;2;
2;17;1;2;2;
10;4;1;2;0;
6;11;1;2;2;
17;5;1;2;2;
2;13;1;2;2;
19;9;1;2;1;
5;7;1;2;2;
8;20;1;2;1;
18;11;1;2;3;
9;12;1;2;4;
15;10;1;2;4;
3;16;1;2;3;
20;8;1;2;1;
11;5;1;2;1;
10;16;1;2;3;
19;8;1;2;5;
8;7;1;2;4;
7;9;1;2;4;
18;7;1;2;0;
10;6;1;2;4;
5;16;1;2;4;
8;14;1;2;5;
7;4;1;2;0;
4;12;1;2;3;
2;4;1;2;5;
9;8;1;2;1;
20;18;1;2;2;
5;14;1;2;3;
10;10;1;2;2;
10;12;1;2;4;
3;3;1;2;3;
10;9;1;2;2;
2;13;1;2;4;
18;20;1;2;1;
15;12;1;2;3;
MAINTENANCE
1;1;5;20;
2;1;5;29;
3;1;5;38;
4;1;5;54;
5;1;5;62;
6;2;5;70;
7;2;5;76;
8;2;5;84;
9;2;5;99;
10;2;5;123;
