50;
5;11;1;2;1;
15;14;1;2;3;
12;2;1;2;5;
18;12;1;2;3;
9;3;1;2;4;
16;3;1;2;5;
8;13;1;2;2;
7;1;1;2;2;
5;18;1;2;2;
14;9;1;2;1;
5;16;1;2;5;
16;5;1;2;3;
5;13;1;2;4;
8;20;1;2;5;
1;1;1;2;2;
1;14;1;2;0;
6;19;1;2;5;
20;8;1;2;2;
4;14;1;2;3;
5;4;1;2;0;
19;6;1;2;0;
18;9;1;2;2;
6;19;1;2;0;
16;11;1;2;1;
16;12;1;2;0;
12;10;1;2;4;
17;15;1;2;2;
1;8;1;2;5;
5;10;1;2;4;
19;7;1;2;5;
17;5;1;2;0;
8;4;1;2;2;
14;5;1;2;4;
4;11;1;2;1;
10;17;1;2;0;
13;6;1;2;3;
1;3;1;2;0;
14;6;1;2;0;
3;19;1;2;1;
1;12;1;2;5;
14;7;1;2;2;
10;20;1;2;0;
17;17;1;2;2;
17;9;1;2;3;
15;20;1;2;2;
11;15;1;2;2;
2;16;1;2;3;
10;8;1;2;2;
7;11;1;2;1;
11;10;1;2;5;
MAINTENANCE
1;1;5;7;
2;1;5;18;
3;1;5;43;
4;1;5;56;
5;1;5;64;
6;2;5;81;
7;2;5;106;
8;2;5;119;
9;2;5;125;
10;2;5;144;
