50;
4;11;1;2;3;
19;14;1;2;2;
16;1;1;2;1;
15;8;1;2;4;
4;11;1;2;3;
16;19;1;2;3;
11;13;1;2;2;
12;6;1;2;0;
11;9;1;2;5;
9;3;1;2;3;
10;5;1;2;3;
3;7;1;2;3;
9;9;1;2;3;
12;2;1;2;3;
7;10;1;2;1;
17;19;1;2;3;
12;18;1;2;5;
13;1;1;2;1;
4;7;1;2;4;
15;9;1;2;4;
14;17;1;2;2;
8;16;1;2;0;
11;17;1;2;3;
13;10;1;2;1;
8;2;1;2;1;
9;19;1;2;4;
5;18;1;2;1;
8;13;1;2;0;
10;14;1;2;1;
4;4;1;2;2;
16;18;1;2;2;
8;4;1;2;2;
9;4;1;2;0;
16;4;1;2;0;
19;20;1;2;5;
14;3;1;2;3;
5;13;1;2;0;
5;4;1;2;3;
14;8;1;2;4;
9;16;1;2;4;
11;18;1;2;4;
9;18;1;2;3;
6;12;1;2;5;
16;15;1;2;0;
20;12;1;2;1;
5;4;1;2;5;
8;1;1;2;4;
20;19;1;2;3;
4;6;1;2;2;
20;5;1;2;5;
MAINTENANCE
1;1;5;13;
2;1;5;22;
3;1;5;43;
4;1;5;54;
5;1;5;68;
6;2;5;74;
7;2;5;91;
8;2;5;107;
9;2;5;119;
10;2;5;144;
