50;
17;19;1;2;4;
17;3;1;2;0;
3;10;1;2;2;
18;6;1;2;2;
20;12;1;2;4;
19;18;1;2;4;
9;18;1;2;2;
2;17;1;2;2;
9;19;1;2;4;
1;9;1;2;1;
13;7;1;2;3;
12;9;1;2;4;
19;14;1;2;3;
4;9;1;2;2;
8;12;1;2;5;
10;5;1;2;5;
16;7;1;2;3;
1;9;1;2;0;
13;12;1;2;1;
8;14;1;2;3;
13;5;1;2;5;
5;8;1;2;2;
15;3;1;2;0;
9;1;1;2;5;
14;9;1;2;1;
1;3;1;2;5;
17;10;1;2;2;
7;14;1;2;0;
6;2;1;2;4;
16;17;1;2;5;
12;9;1;2;1;
16;20;1;2;2;
16;4;1;2;1;
10;17;1;2;4;
10;19;1;2;1;
6;14;1;2;3;
18;14;1;2;3;
15;15;1;2;5;
13;7;1;2;3;
8;5;1;2;3;
1;11;1;2;1;
19;2;1;2;3;
15;13;1;2;4;
5;8;1;2;1;
14;19;1;2;5;
7;12;1;2;5;
15;19;1;2;0;
10;1;1;2;2;
8;2;1;2;5;
20;15;1;2;4;
MAINTENANCE
1;1;5;6;
2;1;5;21;
3;1;5;42;
4;1;5;62;
5;1;5;72;
6;2;5;86;
7;2;5;105;
8;2;5;118;
9;2;5;143;
10;2;5;167;
