50;
1;13;1;2;4;
19;12;1;2;5;
8;10;1;2;1;
18;12;1;2;2;
1;10;1;2;0;
19;14;1;2;5;
18;8;1;2;5;
4;17;1;2;3;
16;4;1;2;3;
11;12;1;2;5;
12;11;1;2;5;
10;9;1;2;5;
19;13;1;2;5;
11;3;1;2;1;
8;1;1;2;0;
12;1;1;2;5;
2;6;1;2;3;
1;7;1;2;3;
3;4;1;2;1;
9;13;1;2;0;
17;20;1;2;2;
10;14;1;2;1;
2;14;1;2;5;
16;11;1;2;4;
5;19;1;2;3;
5;17;1;2;3;
19;4;1;2;1;
13;18;1;2;5;
12;20;1;2;3;
9;14;1;2;0;
13;2;1;2;2;
5;2;1;2;3;
1;13;1;2;1;
18;11;1;2;0;
19;12;1;2;1;
3;18;1;2;5;
8;20;1;2;0;
12;2;1;2;1;
4;8;1;2;1;
12;2;1;2;1;
17;1;1;2;5;
15;9;1;2;4;
7;8;1;2;0;
8;11;1;2;1;
11;1;1;2;5;
19;9;1;2;5;
12;10;1;2;4;
14;16;1;2;1;
7;1;1;2;3;
15;18;1;2;5;
MAINTENANCE
1;1;5;7;
2;1;5;17;
3;1;5;37;
4;1;5;57;
5;1;5;80;
6;2;5;105;
7;2;5;111;
8;2;5;135;
9;2;5;156;
10;2;5;176;
