50;
14;7;1;2;4;
6;12;1;2;3;
7;7;1;2;3;
9;11;1;2;5;
9;17;1;2;0;
15;5;1;2;1;
15;4;1;2;2;
5;12;1;2;3;
6;6;1;2;3;
10;20;1;2;4;
20;10;1;2;4;
11;11;1;2;4;
12;20;1;2;1;
20;14;1;2;0;
8;4;1;2;4;
17;19;1;2;3;
8;15;1;2;1;
9;6;1;2;3;
2;9;1;2;3;
10;12;1;2;1;
6;11;1;2;0;
10;18;1;2;4;
10;9;1;2;1;
13;15;1;2;1;
10;19;1;2;0;
11;7;1;2;2;
11;1;1;2;3;
18;11;1;2;0;
7;8;1;2;4;
6;7;1;2;1;
9;1;1;2;3;
19;3;1;2;2;
15;19;1;2;3;
4;12;1;2;5;
18;18;1;2;5;
10;9;1;2;3;
15;3;1;2;5;
11;14;1;2;3;
19;2;1;2;5;
7;11;1;2;4;
17;11;1;2;1;
20;12;1;2;1;
1;12;1;2;5;
18;20;1;2;5;
19;19;1;2;2;
18;11;1;2;1;
16;15;1;2;4;
3;9;1;2;1;
10;5;1;2;1;
7;8;1;2;1;
MAINTENANCE
1;1;5;12;
2;1;5;34;
3;1;5;42;
4;1;5;67;
5;1;5;85;
6;2;5;95;
7;2;5;112;
8;2;5;128;
9;2;5;144;
10;2;5;158;
