50;
20;11;1;2;4;
2;20;1;2;3;
14;6;1;2;5;
13;7;1;2;5;
14;2;1;2;2;
18;3;1;2;1;
19;2;1;2;5;
15;18;1;2;1;
6;10;1;2;0;
2;14;1;2;2;
12;3;1;2;1;
19;20;1;2;4;
3;1;1;2;4;
8;5;1;2;4;
17;17;1;2;4;
12;2;1;2;5;
20;11;1;2;4;
12;15;1;2;1;
10;12;1;2;1;
15;19;1;2;4;
4;20;1;2;3;
16;4;1;2;0;
7;8;1;2;0;
19;20;1;2;5;
15;13;1;2;1;
5;8;1;2;3;
3;9;1;2;0;
20;15;1;2;4;
4;3;1;2;4;
15;12;1;2;3;
10;16;1;2;4;
19;12;1;2;0;
8;15;1;2;5;
13;15;1;2;4;
6;14;1;2;3;
16;15;1;2;3;
5;11;1;2;5;
19;6;1;2;2;
20;3;1;2;1;
2;4;1;2;0;
3;20;1;2;4;
20;4;1;2;4;
16;14;1;2;5;
8;12;1;2;5;
13;14;1;2;5;
6;2;1;2;2;
11;3;1;2;3;
4;9;1;2;4;
7;16;1;2;1;
20;1;1;2;1;
MAINTENANCE
1;1;5;14;
2;1;5;24;
3;1;5;35;
4;1;5;49;
5;1;5;73;
6;2;5;88;
7;2;5;107;
8;2;5;131;
9;2;5;141;
10;2;5;149;
