50;
6;7;1;2;4;
5;14;1;2;2;
15;19;1;2;3;
6;15;1;2;2;
12;3;1;2;5;
20;12;1;2;3;
6;19;1;2;0;
6;9;1;2;5;
1;17;1;2;1;
13;12;1;2;1;
6;16;1;2;3;
18;17;1;2;2;
19;6;1;2;2;
8;13;1;2;0;
12;19;1;2;1;
2;13;1;2;3;
19;18;1;2;5;
1;13;1;2;1;
16;8;1;2;5;
2;19;1;2;1;
17;19;1;2;1;
14;10;1;2;4;
4;5;1;2;1;
3;2;1;2;2;
3;5;1;2;5;
6;3;1;2;2;
4;17;1;2;2;
4;10;1;2;0;
2;6;1;2;0;
16;9;1;2;5;
12;13;1;2;4;
12;6;1;2;0;
5;15;1;2;5;
13;18;1;2;5;
10;3;1;2;2;
6;5;1;2;3;
15;2;1;2;5;
19;3;1;2;2;
18;6;1;2;0;
14;9;1;2;0;
8;2;1;2;3;
15;4;1;2;2;
11;16;1;2;5;
14;14;1;2;1;
11;5;1;2;0;
1;20;1;2;2;
4;17;1;2;2;
4;3;1;2;1;
3;1;1;2;1;
14;2;1;2;1;
MAINTENANCE
1;1;5;23;
2;1;5;39;
3;1;5;57;
4;1;5;72;
5;1;5;90;
6;2;5;106;
7;2;5;113;
8;2;5;119;
9;2;5;138;
10;2;5;160;
