50;
4;3;1;2;0;
7;14;1;2;2;
6;9;1;2;0;
18;13;1;2;0;
10;19;1;2;0;
4;19;1;2;1;
3;1;1;2;4;
14;11;1;2;1;
18;2;1;2;1;
7;16;1;2;2;
8;1;1;2;4;
16;2;1;2;4;
8;19;1;2;5;
10;19;1;2;4;
10;16;1;2;1;
17;19;1;2;3;
18;16;1;2;2;
5;17;1;2;5;
12;17;1;2;3;
17;6;1;2;2;
4;7;1;2;2;
14;4;1;2;2;
18;1;1;2;4;
20;18;1;2;1;
16;13;1;2;0;
19;7;1;2;1;
17;16;1;2;1;
13;17;1;2;5;
20;13;1;2;1;
15;7;1;2;0;
7;11;1;2;5;
6;3;1;2;5;
18;12;1;2;1;
11;4;1;2;3;
17;16;1;2;2;
13;1;1;2;4;
20;5;1;2;4;
16;4;1;2;4;
12;6;1;2;3;
15;4;1;2;3;
4;2;1;2;2;
20;4;1;2;4;
8;19;1;2;1;
7;15;1;2;3;
2;1;1;2;5;
13;1;1;2;1;
18;8;1;2;5;
14;6;1;2;5;
4;17;1;2;5;
12;10;1;2;2;
MAINTENANCE
1;1;5;14;
2;1;5;35;
3;1;5;46;
4;1;5;56;
5;1;5;81;
6;2;5;99;
7;2;5;121;
8;2;5;128;
9;2;5;139;
10;2;5;155;
