50;
6;7;1;2;0;
5;9;1;2;3;
12;10;1;2;1;
9;7;1;2;0;
9;17;1;2;4;
9;15;1;2;2;
5;11;1;2;4;
9;1;1;2;0;
10;8;1;2;3;
11;1;1;2;4;
9;16;1;2;3;
1;13;1;2;5;
20;13;1;2;2;
6;11;1;2;0;
12;2;1;2;4;
12;18;1;2;0;
12;12;1;2;5;
6;11;1;2;2;
6;5;1;2;4;
14;8;1;2;2;
15;17;1;2;3;
2;6;1;2;4;
6;12;1;2;2;
18;3;1;2;3;
10;2;1;2;5;
6;6;1;2;3;
6;18;1;2;1;
15;4;1;2;2;
13;5;1;2;3;
13;9;1;2;1;
13;2;1;2;5;
13;2;1;2;3;
16;16;1;2;2;
19;7;1;2;4;
13;20;1;2;0;
2;5;1;2;5;
12;18;1;2;2;
13;7;1;2;3;
12;6;1;2;1;
13;20;1;2;4;
2;4;1;2;3;
16;8;1;2;4;
17;14;1;2;1;
5;13;1;2;4;
10;8;1;2;3;
7;14;1;2;5;
19;13;1;2;4;
2;14;1;2;2;
14;20;1;2;3;
12;14;1;2;2;
MAINTENANCE
1;1;5;18;
2;1;5;43;
3;1;5;53;
4;1;5;66;
5;1;5;75;
6;2;5;86;
7;2;5;94;
8;2;5;102;
9;2;5;126;
10;2;5;140;
