50;
16;11;1;2;2;
9;10;1;2;1;
18;6;1;2;3;
5;4;1;2;1;
13;20;1;2;1;
1;2;1;2;1;
18;18;1;2;1;
3;8;1;2;1;
9;7;1;2;4;
14;13;1;2;2;
17;2;1;2;1;
18;5;1;2;5;
4;16;1;2;1;
6;2;1;2;4;
2;7;1;2;5;
13;12;1;2;0;
20;3;1;2;0;
19;18;1;2;5;
20;7;1;2;1;
10;5;1;2;4;
11;13;1;2;0;
14;5;1;2;5;
8;5;1;2;3;
18;5;1;2;2;
13;14;1;2;4;
2;3;1;2;0;
1;3;1;2;2;
20;13;1;2;1;
18;10;1;2;1;
2;14;1;2;0;
16;5;1;2;0;
20;1;1;2;3;
8;9;1;2;5;
10;2;1;2;4;
13;11;1;2;1;
1;4;1;2;1;
16;7;1;2;4;
18;16;1;2;5;
2;14;1;2;0;
12;15;1;2;2;
11;9;1;2;1;
16;20;1;2;2;
11;16;1;2;4;
14;7;1;2;5;
11;16;1;2;4;
8;14;1;2;3;
2;6;1;2;1;
16;2;1;2;4;
3;3;1;2;0;
13;6;1;2;3;
MAINTENANCE
1;1;5;24;
2;1;5;47;
3;1;5;56;
4;1;5;65;
5;1;5;79;
6;2;5;87;
7;2;5;99;
8;2;5;107;
9;2;5;122;
10;2;5;129;
