50;
20;4;1;2;5;
6;13;1;2;4;
17;13;1;2;1;
2;10;1;2;3;
7;11;1;2;2;
12;9;1;2;4;
15;3;1;2;5;
1;16;1;2;2;
18;14;1;2;3;
5;8;1;2;0;
16;2;1;2;4;
14;6;1;2;5;
1;14;1;2;5;
12;9;1;2;5;
18;3;1;2;1;
7;8;1;2;0;
7;13;1;2;4;
7;6;1;2;4;
20;1;1;2;5;
18;16;1;2;4;
13;5;1;2;1;
20;8;1;2;5;
4;13;1;2;0;
6;15;1;2;3;
4;9;1;2;3;
19;17;1;2;3;
19;19;1;2;0;
16;13;1;2;0;
4;8;1;2;4;
8;17;1;2;3;
15;19;1;2;4;
14;5;1;2;2;
11;14;1;2;5;
17;11;1;2;0;
8;19;1;2;0;
11;9;1;2;3;
9;4;1;2;0;
10;17;1;2;3;
6;1;1;2;5;
18;12;1;2;2;
1;20;1;2;2;
12;17;1;2;0;
18;12;1;2;3;
3;5;1;2;4;
9;1;1;2;0;
11;2;1;2;4;
3;10;1;2;3;
16;19;1;2;3;
10;13;1;2;0;
11;6;1;2;0;
MAINTENANCE
1;1;5;24;
2;1;5;31;
3;1;5;56;
4;1;5;70;
5;1;5;81;
6;2;5;100;
7;2;5;108;
8;2;5;133;
9;2;5;153;
10;2;5;160;
