50;
12;17;1;2;4;
8;7;1;2;0;
8;20;1;2;0;
16;16;1;2;2;
13;16;1;2;4;
8;4;1;2;1;
13;2;1;2;2;
1;12;1;2;2;
11;9;1;2;3;
12;20;1;2;2;
11;8;1;2;3;
15;15;1;2;0;
14;14;1;2;1;
2;1;1;2;0;
18;15;1;2;1;
6;2;1;2;1;
13;15;1;2;3;
16;3;1;2;3;
5;11;1;2;3;
6;2;1;2;5;
7;16;1;2;2;
4;20;1;2;5;
10;2;1;2;2;
3;13;1;2;0;
8;4;1;2;3;
10;14;1;2;1;
17;10;1;2;1;
16;11;1;2;5;
1;2;1;2;1;
9;7;1;2;3;
18;2;1;2;0;
9;14;1;2;2;
3;10;1;2;3;
17;5;1;2;0;
7;9;1;2;5;
5;8;1;2;3;
14;14;1;2;3;
4;10;1;2;0;
18;4;1;2;1;
11;4;1;2;4;
1;18;1;2;2;
14;1;1;2;4;
6;9;1;2;5;
15;10;1;2;1;
13;4;1;2;5;
14;10;1;2;2;
16;8;1;2;0;
12;7;1;2;3;
6;17;1;2;2;
2;20;1;2;0;
MAINTENANCE
1;1;5;12;
2;1;5;22;
3;1;5;32;
4;1;5;41;
5;1;5;51;
6;2;5;76;
7;2;5;97;
8;2;5;118;
9;2;5;137;
10;2;5;144;
