50;
14;8;1;2;0;
4;19;1;2;1;
14;1;1;2;1;
17;20;1;2;2;
6;14;1;2;2;
6;7;1;2;3;
8;16;1;2;0;
11;5;1;2;2;
19;8;1;2;3;
20;18;1;2;5;
6;15;1;2;3;
12;3;1;2;0;
19;8;1;2;0;
19;19;1;2;1;
1;17;1;2;0;
15;19;1;2;0;
12;2;1;2;3;
3;12;1;2;4;
4;4;1;2;3;
14;15;1;2;3;
11;2;1;2;5;
14;8;1;2;1;
18;15;1;2;3;
5;16;1;2;5;
11;10;1;2;4;
5;17;1;2;1;
7;6;1;2;1;
2;20;1;2;1;
3;6;1;2;1;
9;9;1;2;2;
12;2;1;2;4;
15;19;1;2;1;
6;14;1;2;3;
1;12;1;2;1;
14;14;1;2;3;
17;7;1;2;0;
2;7;1;2;5;
17;18;1;2;2;
3;13;1;2;1;
8;7;1;2;3;
16;16;1;2;3;
14;8;1;2;0;
14;9;1;2;0;
3;4;1;2;0;
2;19;1;2;2;
3;20;1;2;0;
13;20;1;2;0;
18;11;1;2;0;
13;7;1;2;3;
9;8;1;2;4;
MAINTENANCE
1;1;5;13;
2;1;5;24;
3;1;5;48;
4;1;5;55;
5;1;5;69;
6;2;5;91;
7;2;5;99;
8;2;5;120;
9;2;5;132;
10;2;5;155;
