50;
1;5;1;2;5;
19;3;1;2;2;
11;5;1;2;3;
2;8;1;2;4;
18;18;1;2;0;
19;1;1;2;3;
6;13;1;2;2;
6;1;1;2;5;
14;15;1;2;2;
17;15;1;2;2;
1;10;1;2;0;
9;6;1;2;5;
9;13;1;2;3;
11;20;1;2;1;
10;4;1;2;2;
10;14;1;2;2;
13;18;1;2;2;
5;18;1;2;2;
17;15;1;2;0;
13;14;1;2;2;
9;2;1;2;0;
17;14;1;2;5;
8;11;1;2;4;
2;2;1;2;5;
17;4;1;2;0;
15;18;1;2;5;
1;12;1;2;1;
19;17;1;2;2;
13;6;1;2;4;
20;3;1;2;5;
16;17;1;2;0;
15;8;1;2;1;
8;11;1;2;4;
20;5;1;2;1;
17;16;1;2;0;
19;20;1;2;3;
9;8;1;2;4;
4;15;1;2;0;
9;6;1;2;4;
5;10;1;2;2;
9;9;1;2;0;
18;20;1;2;1;
11;20;1;2;4;
18;11;1;2;5;
18;14;1;2;1;
20;19;1;2;3;
1;17;1;2;2;
5;8;1;2;1;
11;6;1;2;3;
6;6;1;2;4;
MAINTENANCE
1;1;5;7;
2;1;5;29;
3;1;5;35;
4;1;5;44;
5;1;5;57;
6;2;5;80;
7;2;5;96;
8;2;5;116;
9;2;5;138;
10;2;5;150;
