50;
17;3;1;2;4;
13;5;1;2;2;
12;2;1;2;4;
16;16;1;2;1;
14;6;1;2;1;
7;13;1;2;1;
1;3;1;2;3;
11;1;1;2;1;
16;11;1;2;0;
15;6;1;2;3;
18;2;1;2;0;
16;20;1;2;5;
2;14;1;2;4;
2;2;1;2;1;
13;3;1;2;2;
12;4;1;2;2;
6;7;1;2;5;
17;11;1;2;1;
12;9;1;2;3;
6;18;1;2;0;
5;15;1;2;4;
1;13;1;2;4;
2;7;1;2;5;
1;12;1;2;0;
10;8;1;2;3;
5;7;1;2;3;
20;11;1;2;0;
5;12;1;2;0;
15;12;1;2;2;
15;3;1;2;2;
17;10;1;2;3;
18;8;1;2;3;
8;1;1;2;1;
3;8;1;2;1;
12;13;1;2;5;
17;19;1;2;4;
10;3;1;2;4;
17;6;1;2;2;
17;7;1;2;3;
14;17;1;2;1;
3;17;1;2;1;
8;6;1;2;5;
2;15;1;2;5;
9;2;1;2;3;
17;15;1;2;4;
16;12;1;2;3;
1;4;1;2;2;
16;13;1;2;0;
20;11;1;2;4;
12;11;1;2;4;
MAINTENANCE
1;1;5;6;
2;1;5;25;
3;1;5;31;
4;1;5;37;
5;1;5;49;
6;2;5;59;
7;2;5;76;
8;2;5;92;
9;2;5;112;
10;2;5;123;
