50;
15;6;1;2;5;
2;4;1;2;2;
18;20;1;2;0;
19;11;1;2;5;
6;15;1;2;5;
13;16;1;2;2;
12;9;1;2;3;
7;6;1;2;1;
10;7;1;2;5;
16;11;1;2;0;
14;10;1;2;1;
12;5;1;2;1;
4;10;1;2;3;
4;11;1;2;5;
12;5;1;2;2;
17;1;1;2;5;
3;10;1;2;2;
9;3;1;2;2;
20;2;1;2;0;
14;2;1;2;0;
11;1;1;2;4;
16;3;1;2;2;
8;8;1;2;3;
6;8;1;2;3;
4;2;1;2;3;
18;9;1;2;2;
9;4;1;2;3;
8;13;1;2;3;
20;14;1;2;0;
5;12;1;2;1;
20;10;1;2;5;
2;4;1;2;2;
15;6;1;2;3;
14;12;1;2;5;
2;1;1;2;3;
2;14;1;2;2;
3;6;1;2;5;
7;2;1;2;2;
18;15;1;2;1;
7;19;1;2;3;
12;8;1;2;1;
10;14;1;2;4;
2;15;1;2;3;
10;4;1;2;0;
8;13;1;2;3;
17;19;1;2;4;
10;13;1;2;3;
16;3;1;2;0;
19;20;1;2;2;
16;6;1;2;0;
MAINTENANCE
1;1;5;21;
2;1;5;34;
3;1;5;51;
4;1;5;60;
5;1;5;71;
6;2;5;79;
7;2;5;89;
8;2;5;111;
9;2;5;127;
10;2;5;144;
