50;
13;13;1;2;4;
13;10;1;2;2;
4;6;1;2;5;
16;20;1;2;5;
7;7;1;2;2;
11;20;1;2;5;
13;6;1;2;1;
18;13;1;2;0;
19;16;1;2;4;
12;4;1;2;1;
5;15;1;2;3;
16;5;1;2;4;
7;12;1;2;1;
2;17;1;2;4;
10;16;1;2;5;
10;5;1;2;3;
10;15;1;2;3;
20;2;1;2;0;
4;19;1;2;0;
5;20;1;2;4;
13;12;1;2;2;
11;11;1;2;1;
11;6;1;2;1;
2;16;1;2;5;
2;3;1;2;2;
18;20;1;2;3;
10;1;1;2;0;
18;7;1;2;1;
14;17;1;2;0;
12;8;1;2;3;
13;17;1;2;0;
12;19;1;2;1;
6;20;1;2;5;
13;13;1;2;0;
8;9;1;2;2;
18;5;1;2;2;
17;12;1;2;2;
19;19;1;2;1;
17;10;1;2;4;
7;3;1;2;0;
4;16;1;2;4;
1;7;1;2;1;
15;12;1;2;4;
11;5;1;2;5;
7;11;1;2;1;
19;16;1;2;2;
15;15;1;2;4;
15;6;1;2;2;
6;1;1;2;3;
12;7;1;2;3;
MAINTENANCE
1;1;5;24;
2;1;5;49;
3;1;5;68;
4;1;5;84;
5;1;5;96;
6;2;5;117;
7;2;5;140;
8;2;5;158;
9;2;5;168;
10;2;5;174;
