50;
2;11;1;2;5;
3;8;1;2;4;
17;11;1;2;1;
2;16;1;2;2;
1;5;1;2;3;
11;10;1;2;5;
7;4;1;2;5;
12;20;1;2;0;
3;17;1;2;2;
9;4;1;2;3;
9;9;1;2;4;
14;19;1;2;0;
11;1;1;2;3;
16;12;1;2;4;
19;20;1;2;0;
7;20;1;2;1;
4;15;1;2;2;
12;15;1;2;4;
10;3;1;2;2;
11;19;1;2;2;
5;1;1;2;2;
17;5;1;2;0;
15;9;1;2;5;
16;11;1;2;4;
6;20;1;2;5;
16;15;1;2;5;
6;17;1;2;5;
5;12;1;2;3;
3;7;1;2;4;
10;3;1;2;0;
2;8;1;2;5;
12;10;1;2;1;
7;20;1;2;1;
7;20;1;2;5;
19;8;1;2;4;
7;6;1;2;2;
6;4;1;2;4;
19;2;1;2;5;
20;17;1;2;2;
19;7;1;2;1;
2;7;1;2;1;
15;19;1;2;0;
2;15;1;2;1;
17;8;1;2;1;
3;14;1;2;1;
14;11;1;2;3;
1;13;1;2;0;
1;20;1;2;1;
17;11;1;2;1;
10;18;1;2;4;
MAINTENANCE
1;1;5;15;
2;1;5;37;
3;1;5;43;
4;1;5;53;
5;1;5;73;
6;2;5;88;
7;2;5;100;
8;2;5;110;
9;2;5;127;
10;2;5;138;
