50;
2;8;1;2;0;
9;8;1;2;2;
12;8;1;2;3;
15;11;1;2;4;
16;1;1;2;3;
7;7;1;2;3;
3;12;1;2;5;
20;15;1;2;3;
17;6;1;2;4;
17;13;1;2;1;
20;14;1;2;4;
6;16;1;2;0;
1;3;1;2;0;
18;2;1;2;2;
5;13;1;2;2;
7;17;1;2;4;
17;11;1;2;5;
3;15;1;2;0;
1;12;1;2;3;
13;3;1;2;2;
4;5;1;2;0;
9;15;1;2;5;
8;12;1;2;4;
19;13;1;2;3;
13;16;1;2;5;
14;12;1;2;3;
5;10;1;2;2;
2;14;1;2;0;
18;7;1;2;1;
1;17;1;2;5;
3;3;1;2;2;
6;11;1;2;0;
12;18;1;2;5;
8;12;1;2;1;
8;7;1;2;4;
1;10;1;2;1;
3;3;1;2;3;
5;13;1;2;5;
5;12;1;2;4;
11;10;1;2;5;
20;9;1;2;4;
14;16;1;2;0;
11;16;1;2;1;
11;17;1;2;4;
4;17;1;2;2;
5;14;1;2;2;
10;8;1;2;3;
13;15;1;2;5;
19;18;1;2;3;
11;11;1;2;1;
MAINTENANCE
1;1;5;7;
2;1;5;27;
3;1;5;44;
4;1;5;66;
5;1;5;87;
6;2;5;112;
7;2;5;122;
8;2;5;130;
9;2;5;154;
10;2;5;163;
