50;
11;17;1;2;0;
2;6;1;2;5;
15;6;1;2;2;
10;17;1;2;0;
20;20;1;2;5;
14;18;1;2;2;
11;6;1;2;3;
3;19;1;2;5;
8;5;1;2;1;
19;15;1;2;5;
3;16;1;2;2;
1;9;1;2;3;
20;7;1;2;2;
16;9;1;2;1;
5;1;1;2;4;
18;13;1;2;1;
18;3;1;2;4;
5;11;1;2;4;
11;7;1;2;0;
19;2;1;2;3;
2;19;1;2;2;
9;9;1;2;4;
12;10;1;2;1;
3;8;1;2;3;
17;8;1;2;5;
14;14;1;2;3;
15;11;1;2;5;
18;16;1;2;5;
17;2;1;2;2;
6;18;1;2;3;
9;7;1;2;2;
14;2;1;2;4;
5;20;1;2;5;
12;6;1;2;5;
18;1;1;2;0;
10;4;1;2;3;
6;13;1;2;0;
3;16;1;2;2;
10;19;1;2;4;
5;5;1;2;5;
2;9;1;2;3;
13;16;1;2;1;
12;19;1;2;2;
4;4;1;2;2;
13;19;1;2;0;
11;8;1;2;1;
11;19;1;2;4;
10;5;1;2;0;
10;11;1;2;0;
15;5;1;2;5;
MAINTENANCE
1;1;5;24;
2;1;5;34;
3;1;5;42;
4;1;5;59;
5;1;5;77;
6;2;5;85;
7;2;5;97;
8;2;5;109;
9;2;5;128;
10;2;5;135;
