50;
13;6;1;2;4;
15;3;1;2;3;
7;12;1;2;5;
19;6;1;2;4;
9;18;1;2;2;
17;9;1;2;0;
4;3;1;2;0;
3;2;1;2;4;
8;4;1;2;1;
18;6;1;2;2;
15;11;1;2;2;
19;6;1;2;3;
1;17;1;2;5;
2;7;1;2;0;
16;15;1;2;5;
17;2;1;2;4;
18;18;1;2;3;
7;12;1;2;0;
3;10;1;2;5;
9;2;1;2;1;
5;4;1;2;3;
12;5;1;2;4;
12;4;1;2;3;
16;8;1;2;2;
1;8;1;2;4;
7;18;1;2;1;
13;12;1;2;4;
19;18;1;2;5;
9;15;1;2;1;
16;15;1;2;3;
16;15;1;2;5;
6;15;1;2;4;
17;18;1;2;2;
6;12;1;2;4;
5;20;1;2;1;
2;19;1;2;3;
5;9;1;2;5;
10;9;1;2;2;
18;9;1;2;0;
1;17;1;2;4;
2;8;1;2;4;
14;6;1;2;4;
8;9;1;2;5;
13;17;1;2;5;
10;14;1;2;4;
8;1;1;2;0;
11;10;1;2;0;
18;9;1;2;5;
2;10;1;2;5;
15;15;1;2;2;
MAINTENANCE
1;1;5;5;
2;1;5;28;
3;1;5;36;
4;1;5;54;
5;1;5;70;
6;2;5;85;
7;2;5;97;
8;2;5;112;
9;2;5;123;
10;2;5;130;
